0 This is an inductance picture 
Q 0 -5e-05 -5e-06 5e-08 -5e-05 -5e-06 -5e-08 5e-05 -5e-06 -5e-08 5e-05 -5e-06 5e-08 
Q 0 -5e-05 5e-06 -5e-08 -5e-05 5e-06 5e-08 5e-05 5e-06 5e-08 5e-05 5e-06 -5e-08 
Q 0 -5e-05 -5e-06 5e-08 -5e-05 5e-06 5e-08 5e-05 5e-06 5e-08 5e-05 -5e-06 5e-08 
Q 0 -5e-05 -5e-06 -5e-08 -5e-05 5e-06 -5e-08 5e-05 5e-06 -5e-08 5e-05 -5e-06 -5e-08 
Q 1 -5e-05 1.1e-05 5e-08 -5e-05 1.1e-05 -5e-08 5e-05 1.1e-05 -5e-08 5e-05 1.1e-05 5e-08 
Q 1 -5e-05 3.1e-05 -5e-08 -5e-05 3.1e-05 5e-08 5e-05 3.1e-05 5e-08 5e-05 3.1e-05 -5e-08 
Q 1 -5e-05 1.1e-05 5e-08 -5e-05 3.1e-05 5e-08 5e-05 3.1e-05 5e-08 5e-05 1.1e-05 5e-08 
Q 1 -5e-05 1.1e-05 -5e-08 -5e-05 3.1e-05 -5e-08 5e-05 3.1e-05 -5e-08 5e-05 1.1e-05 -5e-08 
Q 2 -5e-05 -3.1e-05 5e-08 -5e-05 -3.1e-05 -5e-08 5e-05 -3.1e-05 -5e-08 5e-05 -3.1e-05 5e-08 
Q 2 -5e-05 -1.1e-05 -5e-08 -5e-05 -1.1e-05 5e-08 5e-05 -1.1e-05 5e-08 5e-05 -1.1e-05 -5e-08 
Q 2 -5e-05 -3.1e-05 5e-08 -5e-05 -1.1e-05 5e-08 5e-05 -1.1e-05 5e-08 5e-05 -3.1e-05 5e-08 
Q 2 -5e-05 -3.1e-05 -5e-08 -5e-05 -1.1e-05 -5e-08 5e-05 -1.1e-05 -5e-08 5e-05 -3.1e-05 -5e-08 
