0 This is an inductance picture 
Q 0 -7.7e-05 -0.0001925 5e-08 -7.7e-05 -0.0001925 -5e-08 -6.525e-05 -0.0001925 -5e-08 -6.525e-05 -0.0001925 5e-08 
Q 0 -7.7e-05 -0.0001375 -5e-08 -7.7e-05 -0.0001375 5e-08 -6.525e-05 -0.0001375 5e-08 -6.525e-05 -0.0001375 -5e-08 
Q 0 -7.7e-05 -0.0001925 5e-08 -7.7e-05 -0.0001375 5e-08 -6.525e-05 -0.0001375 5e-08 -6.525e-05 -0.0001925 5e-08 
Q 0 -7.7e-05 -0.0001925 -5e-08 -7.7e-05 -0.0001375 -5e-08 -6.525e-05 -0.0001375 -5e-08 -6.525e-05 -0.0001925 -5e-08 
Q 1 -6.525e-05 -0.0001925 5e-08 -6.525e-05 -0.0001925 -5e-08 -5.35e-05 -0.0001925 -5e-08 -5.35e-05 -0.0001925 5e-08 
Q 1 -6.525e-05 -0.0001375 -5e-08 -6.525e-05 -0.0001375 5e-08 -5.35e-05 -0.0001375 5e-08 -5.35e-05 -0.0001375 -5e-08 
Q 1 -6.525e-05 -0.0001925 5e-08 -6.525e-05 -0.0001375 5e-08 -5.35e-05 -0.0001375 5e-08 -5.35e-05 -0.0001925 5e-08 
Q 1 -6.525e-05 -0.0001925 -5e-08 -6.525e-05 -0.0001375 -5e-08 -5.35e-05 -0.0001375 -5e-08 -5.35e-05 -0.0001925 -5e-08 
Q 2 -5.35e-05 -0.0001925 5e-08 -5.35e-05 -0.0001925 -5e-08 -4.175e-05 -0.0001925 -5e-08 -4.175e-05 -0.0001925 5e-08 
Q 2 -5.35e-05 -0.0001375 -5e-08 -5.35e-05 -0.0001375 5e-08 -4.175e-05 -0.0001375 5e-08 -4.175e-05 -0.0001375 -5e-08 
Q 2 -5.35e-05 -0.0001925 5e-08 -5.35e-05 -0.0001375 5e-08 -4.175e-05 -0.0001375 5e-08 -4.175e-05 -0.0001925 5e-08 
Q 2 -5.35e-05 -0.0001925 -5e-08 -5.35e-05 -0.0001375 -5e-08 -4.175e-05 -0.0001375 -5e-08 -4.175e-05 -0.0001925 -5e-08 
Q 3 -4.175e-05 -0.0001925 5e-08 -4.175e-05 -0.0001925 -5e-08 -3e-05 -0.0001925 -5e-08 -3e-05 -0.0001925 5e-08 
Q 3 -4.175e-05 -0.0001375 -5e-08 -4.175e-05 -0.0001375 5e-08 -3e-05 -0.0001375 5e-08 -3e-05 -0.0001375 -5e-08 
Q 3 -4.175e-05 -0.0001925 5e-08 -4.175e-05 -0.0001375 5e-08 -3e-05 -0.0001375 5e-08 -3e-05 -0.0001925 5e-08 
Q 3 -4.175e-05 -0.0001925 -5e-08 -4.175e-05 -0.0001375 -5e-08 -3e-05 -0.0001375 -5e-08 -3e-05 -0.0001925 -5e-08 
Q 4 -2.4e-05 -0.00024 5e-08 -2.4e-05 -0.00024 -5e-08 -2.4e-05 -0.000226286 -5e-08 -2.4e-05 -0.000226286 5e-08 
Q 4 -2.6e-05 -0.00024 -5e-08 -2.6e-05 -0.00024 5e-08 -2.6e-05 -0.000226286 5e-08 -2.6e-05 -0.000226286 -5e-08 
Q 4 -2.4e-05 -0.00024 5e-08 -2.6e-05 -0.00024 5e-08 -2.6e-05 -0.000226286 5e-08 -2.4e-05 -0.000226286 5e-08 
Q 4 -2.4e-05 -0.00024 -5e-08 -2.6e-05 -0.00024 -5e-08 -2.6e-05 -0.000226286 -5e-08 -2.4e-05 -0.000226286 -5e-08 
Q 5 -2.4e-05 -0.000226286 5e-08 -2.4e-05 -0.000226286 -5e-08 -2.4e-05 -0.000212571 -5e-08 -2.4e-05 -0.000212571 5e-08 
Q 5 -2.6e-05 -0.000226286 -5e-08 -2.6e-05 -0.000226286 5e-08 -2.6e-05 -0.000212571 5e-08 -2.6e-05 -0.000212571 -5e-08 
Q 5 -2.4e-05 -0.000226286 5e-08 -2.6e-05 -0.000226286 5e-08 -2.6e-05 -0.000212571 5e-08 -2.4e-05 -0.000212571 5e-08 
Q 5 -2.4e-05 -0.000226286 -5e-08 -2.6e-05 -0.000226286 -5e-08 -2.6e-05 -0.000212571 -5e-08 -2.4e-05 -0.000212571 -5e-08 
Q 6 -2.4e-05 -0.000212571 5e-08 -2.4e-05 -0.000212571 -5e-08 -2.4e-05 -0.000198857 -5e-08 -2.4e-05 -0.000198857 5e-08 
Q 6 -2.6e-05 -0.000212571 -5e-08 -2.6e-05 -0.000212571 5e-08 -2.6e-05 -0.000198857 5e-08 -2.6e-05 -0.000198857 -5e-08 
Q 6 -2.4e-05 -0.000212571 5e-08 -2.6e-05 -0.000212571 5e-08 -2.6e-05 -0.000198857 5e-08 -2.4e-05 -0.000198857 5e-08 
Q 6 -2.4e-05 -0.000212571 -5e-08 -2.6e-05 -0.000212571 -5e-08 -2.6e-05 -0.000198857 -5e-08 -2.4e-05 -0.000198857 -5e-08 
Q 7 -2.4e-05 -0.000198857 5e-08 -2.4e-05 -0.000198857 -5e-08 -2.4e-05 -0.000185143 -5e-08 -2.4e-05 -0.000185143 5e-08 
Q 7 -2.6e-05 -0.000198857 -5e-08 -2.6e-05 -0.000198857 5e-08 -2.6e-05 -0.000185143 5e-08 -2.6e-05 -0.000185143 -5e-08 
Q 7 -2.4e-05 -0.000198857 5e-08 -2.6e-05 -0.000198857 5e-08 -2.6e-05 -0.000185143 5e-08 -2.4e-05 -0.000185143 5e-08 
Q 7 -2.4e-05 -0.000198857 -5e-08 -2.6e-05 -0.000198857 -5e-08 -2.6e-05 -0.000185143 -5e-08 -2.4e-05 -0.000185143 -5e-08 
Q 8 -2.4e-05 -0.000185143 5e-08 -2.4e-05 -0.000185143 -5e-08 -2.4e-05 -0.000171429 -5e-08 -2.4e-05 -0.000171429 5e-08 
Q 8 -2.6e-05 -0.000185143 -5e-08 -2.6e-05 -0.000185143 5e-08 -2.6e-05 -0.000171429 5e-08 -2.6e-05 -0.000171429 -5e-08 
Q 8 -2.4e-05 -0.000185143 5e-08 -2.6e-05 -0.000185143 5e-08 -2.6e-05 -0.000171429 5e-08 -2.4e-05 -0.000171429 5e-08 
Q 8 -2.4e-05 -0.000185143 -5e-08 -2.6e-05 -0.000185143 -5e-08 -2.6e-05 -0.000171429 -5e-08 -2.4e-05 -0.000171429 -5e-08 
Q 9 -2.4e-05 -0.000171429 5e-08 -2.4e-05 -0.000171429 -5e-08 -2.4e-05 -0.000157714 -5e-08 -2.4e-05 -0.000157714 5e-08 
Q 9 -2.6e-05 -0.000171429 -5e-08 -2.6e-05 -0.000171429 5e-08 -2.6e-05 -0.000157714 5e-08 -2.6e-05 -0.000157714 -5e-08 
Q 9 -2.4e-05 -0.000171429 5e-08 -2.6e-05 -0.000171429 5e-08 -2.6e-05 -0.000157714 5e-08 -2.4e-05 -0.000157714 5e-08 
Q 9 -2.4e-05 -0.000171429 -5e-08 -2.6e-05 -0.000171429 -5e-08 -2.6e-05 -0.000157714 -5e-08 -2.4e-05 -0.000157714 -5e-08 
Q 10 -2.4e-05 -0.000157714 5e-08 -2.4e-05 -0.000157714 -5e-08 -2.4e-05 -0.000144 -5e-08 -2.4e-05 -0.000144 5e-08 
Q 10 -2.6e-05 -0.000157714 -5e-08 -2.6e-05 -0.000157714 5e-08 -2.6e-05 -0.000144 5e-08 -2.6e-05 -0.000144 -5e-08 
Q 10 -2.4e-05 -0.000157714 5e-08 -2.6e-05 -0.000157714 5e-08 -2.6e-05 -0.000144 5e-08 -2.4e-05 -0.000144 5e-08 
Q 10 -2.4e-05 -0.000157714 -5e-08 -2.6e-05 -0.000157714 -5e-08 -2.6e-05 -0.000144 -5e-08 -2.4e-05 -0.000144 -5e-08 
Q 11 -2.5e-05 -0.000145 5e-08 -2.5e-05 -0.000145 -5e-08 -1.5e-05 -0.000145 -5e-08 -1.5e-05 -0.000145 5e-08 
Q 11 -2.5e-05 -0.000143 -5e-08 -2.5e-05 -0.000143 5e-08 -1.5e-05 -0.000143 5e-08 -1.5e-05 -0.000143 -5e-08 
Q 11 -2.5e-05 -0.000145 5e-08 -2.5e-05 -0.000143 5e-08 -1.5e-05 -0.000143 5e-08 -1.5e-05 -0.000145 5e-08 
Q 11 -2.5e-05 -0.000145 -5e-08 -2.5e-05 -0.000143 -5e-08 -1.5e-05 -0.000143 -5e-08 -1.5e-05 -0.000145 -5e-08 
Q 12 -2.2e-05 -0.000145 5e-08 -2.2e-05 -0.000145 -5e-08 -2.2e-05 -0.0001365 -5e-08 -2.2e-05 -0.0001365 5e-08 
Q 12 -2.4e-05 -0.000145 -5e-08 -2.4e-05 -0.000145 5e-08 -2.4e-05 -0.0001365 5e-08 -2.4e-05 -0.0001365 -5e-08 
Q 12 -2.2e-05 -0.000145 5e-08 -2.4e-05 -0.000145 5e-08 -2.4e-05 -0.0001365 5e-08 -2.2e-05 -0.0001365 5e-08 
Q 12 -2.2e-05 -0.000145 -5e-08 -2.4e-05 -0.000145 -5e-08 -2.4e-05 -0.0001365 -5e-08 -2.2e-05 -0.0001365 -5e-08 
Q 13 -2.3e-05 -0.0001375 5e-08 -2.3e-05 -0.0001375 -5e-08 -1.325e-05 -0.0001375 -5e-08 -1.325e-05 -0.0001375 5e-08 
Q 13 -2.3e-05 -0.0001355 -5e-08 -2.3e-05 -0.0001355 5e-08 -1.325e-05 -0.0001355 5e-08 -1.325e-05 -0.0001355 -5e-08 
Q 13 -2.3e-05 -0.0001375 5e-08 -2.3e-05 -0.0001355 5e-08 -1.325e-05 -0.0001355 5e-08 -1.325e-05 -0.0001375 5e-08 
Q 13 -2.3e-05 -0.0001375 -5e-08 -2.3e-05 -0.0001355 -5e-08 -1.325e-05 -0.0001355 -5e-08 -1.325e-05 -0.0001375 -5e-08 
Q 14 -1.325e-05 -0.0001375 5e-08 -1.325e-05 -0.0001375 -5e-08 -3.5e-06 -0.0001375 -5e-08 -3.5e-06 -0.0001375 5e-08 
Q 14 -1.325e-05 -0.0001355 -5e-08 -1.325e-05 -0.0001355 5e-08 -3.5e-06 -0.0001355 5e-08 -3.5e-06 -0.0001355 -5e-08 
Q 14 -1.325e-05 -0.0001375 5e-08 -1.325e-05 -0.0001355 5e-08 -3.5e-06 -0.0001355 5e-08 -3.5e-06 -0.0001375 5e-08 
Q 14 -1.325e-05 -0.0001375 -5e-08 -1.325e-05 -0.0001355 -5e-08 -3.5e-06 -0.0001355 -5e-08 -3.5e-06 -0.0001375 -5e-08 
Q 15 -2.5e-06 -0.0001365 5e-08 -2.5e-06 -0.0001365 -5e-08 -2.5e-06 -0.0001295 -5e-08 -2.5e-06 -0.0001295 5e-08 
Q 15 -4.5e-06 -0.0001365 -5e-08 -4.5e-06 -0.0001365 5e-08 -4.5e-06 -0.0001295 5e-08 -4.5e-06 -0.0001295 -5e-08 
Q 15 -2.5e-06 -0.0001365 5e-08 -4.5e-06 -0.0001365 5e-08 -4.5e-06 -0.0001295 5e-08 -2.5e-06 -0.0001295 5e-08 
Q 15 -2.5e-06 -0.0001365 -5e-08 -4.5e-06 -0.0001365 -5e-08 -4.5e-06 -0.0001295 -5e-08 -2.5e-06 -0.0001295 -5e-08 
Q 16 -3.5e-06 -0.0001305 5e-08 -3.5e-06 -0.0001305 -5e-08 3.5e-06 -0.0001305 -5e-08 3.5e-06 -0.0001305 5e-08 
Q 16 -3.5e-06 -0.0001285 -5e-08 -3.5e-06 -0.0001285 5e-08 3.5e-06 -0.0001285 5e-08 3.5e-06 -0.0001285 -5e-08 
Q 16 -3.5e-06 -0.0001305 5e-08 -3.5e-06 -0.0001285 5e-08 3.5e-06 -0.0001285 5e-08 3.5e-06 -0.0001305 5e-08 
Q 16 -3.5e-06 -0.0001305 -5e-08 -3.5e-06 -0.0001285 -5e-08 3.5e-06 -0.0001285 -5e-08 3.5e-06 -0.0001305 -5e-08 
Q 17 2.5e-06 -0.0001295 5e-08 2.5e-06 -0.0001295 -5e-08 2.5e-06 -0.0001365 -5e-08 2.5e-06 -0.0001365 5e-08 
Q 17 4.5e-06 -0.0001295 -5e-08 4.5e-06 -0.0001295 5e-08 4.5e-06 -0.0001365 5e-08 4.5e-06 -0.0001365 -5e-08 
Q 17 2.5e-06 -0.0001295 5e-08 4.5e-06 -0.0001295 5e-08 4.5e-06 -0.0001365 5e-08 2.5e-06 -0.0001365 5e-08 
Q 17 2.5e-06 -0.0001295 -5e-08 4.5e-06 -0.0001295 -5e-08 4.5e-06 -0.0001365 -5e-08 2.5e-06 -0.0001365 -5e-08 
Q 18 3.5e-06 -0.0001375 5e-08 3.5e-06 -0.0001375 -5e-08 1.325e-05 -0.0001375 -5e-08 1.325e-05 -0.0001375 5e-08 
Q 18 3.5e-06 -0.0001355 -5e-08 3.5e-06 -0.0001355 5e-08 1.325e-05 -0.0001355 5e-08 1.325e-05 -0.0001355 -5e-08 
Q 18 3.5e-06 -0.0001375 5e-08 3.5e-06 -0.0001355 5e-08 1.325e-05 -0.0001355 5e-08 1.325e-05 -0.0001375 5e-08 
Q 18 3.5e-06 -0.0001375 -5e-08 3.5e-06 -0.0001355 -5e-08 1.325e-05 -0.0001355 -5e-08 1.325e-05 -0.0001375 -5e-08 
Q 19 1.325e-05 -0.0001375 5e-08 1.325e-05 -0.0001375 -5e-08 2.3e-05 -0.0001375 -5e-08 2.3e-05 -0.0001375 5e-08 
Q 19 1.325e-05 -0.0001355 -5e-08 1.325e-05 -0.0001355 5e-08 2.3e-05 -0.0001355 5e-08 2.3e-05 -0.0001355 -5e-08 
Q 19 1.325e-05 -0.0001375 5e-08 1.325e-05 -0.0001355 5e-08 2.3e-05 -0.0001355 5e-08 2.3e-05 -0.0001375 5e-08 
Q 19 1.325e-05 -0.0001375 -5e-08 1.325e-05 -0.0001355 -5e-08 2.3e-05 -0.0001355 -5e-08 2.3e-05 -0.0001375 -5e-08 
Q 20 2.2e-05 -0.0001365 5e-08 2.2e-05 -0.0001365 -5e-08 2.2e-05 -0.000144 -5e-08 2.2e-05 -0.000144 5e-08 
Q 20 2.4e-05 -0.0001365 -5e-08 2.4e-05 -0.0001365 5e-08 2.4e-05 -0.000144 5e-08 2.4e-05 -0.000144 -5e-08 
Q 20 2.2e-05 -0.0001365 5e-08 2.4e-05 -0.0001365 5e-08 2.4e-05 -0.000144 5e-08 2.2e-05 -0.000144 5e-08 
Q 20 2.2e-05 -0.0001365 -5e-08 2.4e-05 -0.0001365 -5e-08 2.4e-05 -0.000144 -5e-08 2.2e-05 -0.000144 -5e-08 
Q 21 2.3e-05 -0.000143 5e-08 2.3e-05 -0.000143 -5e-08 1.15e-05 -0.000143 -5e-08 1.15e-05 -0.000143 5e-08 
Q 21 2.3e-05 -0.000145 -5e-08 2.3e-05 -0.000145 5e-08 1.15e-05 -0.000145 5e-08 1.15e-05 -0.000145 -5e-08 
Q 21 2.3e-05 -0.000143 5e-08 2.3e-05 -0.000145 5e-08 1.15e-05 -0.000145 5e-08 1.15e-05 -0.000143 5e-08 
Q 21 2.3e-05 -0.000143 -5e-08 2.3e-05 -0.000145 -5e-08 1.15e-05 -0.000145 -5e-08 1.15e-05 -0.000143 -5e-08 
Q 22 1.15e-05 -0.000143 5e-08 1.15e-05 -0.000143 -5e-08 0 -0.000143 -5e-08 0 -0.000143 5e-08 
Q 22 1.15e-05 -0.000145 -5e-08 1.15e-05 -0.000145 5e-08 0 -0.000145 5e-08 0 -0.000145 -5e-08 
Q 22 1.15e-05 -0.000143 5e-08 1.15e-05 -0.000145 5e-08 0 -0.000145 5e-08 0 -0.000143 5e-08 
Q 22 1.15e-05 -0.000143 -5e-08 1.15e-05 -0.000145 -5e-08 0 -0.000145 -5e-08 0 -0.000143 -5e-08 
Q 23 0 -0.000143 5e-08 0 -0.000143 -5e-08 -1.15e-05 -0.000143 -5e-08 -1.15e-05 -0.000143 5e-08 
Q 23 0 -0.000145 -5e-08 0 -0.000145 5e-08 -1.15e-05 -0.000145 5e-08 -1.15e-05 -0.000145 -5e-08 
Q 23 0 -0.000143 5e-08 0 -0.000145 5e-08 -1.15e-05 -0.000145 5e-08 -1.15e-05 -0.000143 5e-08 
Q 23 0 -0.000143 -5e-08 0 -0.000145 -5e-08 -1.15e-05 -0.000145 -5e-08 -1.15e-05 -0.000143 -5e-08 
Q 24 -1.15e-05 -0.000143 5e-08 -1.15e-05 -0.000143 -5e-08 -2.3e-05 -0.000143 -5e-08 -2.3e-05 -0.000143 5e-08 
Q 24 -1.15e-05 -0.000145 -5e-08 -1.15e-05 -0.000145 5e-08 -2.3e-05 -0.000145 5e-08 -2.3e-05 -0.000145 -5e-08 
Q 24 -1.15e-05 -0.000143 5e-08 -1.15e-05 -0.000145 5e-08 -2.3e-05 -0.000145 5e-08 -2.3e-05 -0.000143 5e-08 
Q 24 -1.15e-05 -0.000143 -5e-08 -1.15e-05 -0.000145 -5e-08 -2.3e-05 -0.000145 -5e-08 -2.3e-05 -0.000143 -5e-08 
